PopID	Rack	Pos	Barcode	Origin	Exp	Trt	comment	CrossNum	Indiv	LfCountH	LfLgthH	LfWdthH	BoltedatH	BoltCountH	MaxBoltHtH	HBoltHt1	HBoltHt2	FlrHeadCount	HarvNotes	CrownDiam.mm	ShootMass.g	MsrHarvest2	HarvestDay	LfCount2	LfLgth2	LfWdth2	LfCount1	LfLgth1	LfWdth1	BoltDate	FlwrDate	FlwrCol	SLAmass.g	SLAarea	SLAdate	BoltDay	HBoltHt3	comments	FlwrNote	sla	Latitude	Longitude	lxwH	bolt.bin	BoltDay.adj
1	BG001	6	1	BG001-14-2	nat	mat fx	control		14	2	15	18.7	3.2	y	1	19.5	19.5	NA	NA		1.2	4.193	2010-10-19	84	19	13.7	3.8	17	13.6	3.5	10/8/2010			0.117	18.685	10/19/2010	73	NA	NA	NA	159.700854700855	43.3819444444444	28.4575	59.84	1	76
2	BG001	6	3	BG001-18-6	nat	mat fx	control		18	6	4	23	5.3	y	1	26.3	26.3	NA	30		0.9	3.316	2010-10-19	84	21	17.4	3.8	18	12.1	3.5	9/30/2010			NA	NA	10/19/2010	65	NA	NA	NA	NA	43.3819444444444	28.4575	121.9	1	68
3	BG001	6	5	BG001-17-9	nat	mat fx	control		17	9	39	20.1	4.8	n	NA	NA	NA	NA	NA		1.1	3.87	2010-10-19	84	35	14.6	3.3	26	7.4	2				0.064	11.473	10/19/2010	NA	NA	NA	NA	179.265625	43.3819444444444	28.4575	96.48	0	NA
4	BG001	13	40	BG001-16-1	nat	ass map	control		16	1	14	22.3	2.8	y	1	5	5	NA	NA		1	3.229	2010-10-21	86	33	16.3	3	17	11.6	2.7	10/8/2010			0.127	24.108	10/15/2010	73	NA		NA	189.826771653543	43.3819444444444	28.4575	62.44	1	76
5	BG001	20	38	BG001-11-2	nat	ass map	control		11	2	0	0	0	y	1	32.5	32.5	NA	134		0.8	5.231	2010-10-21	86	19	18.4	3.9	13	10.5	3	9/16/2010			NA	NA	10/15/2010	51	NA		NA	NA	43.3819444444444	28.4575	0	1	54
6	BG001	16	36	BG001-17-6	nat	ass map	control		17	6	21	21.1	3.8	n	NA	NA	NA	NA	NA		0.95	3.2	2010-10-15	80	25	21	4.2	17	11.2	2.3				0.126	28.234	10/13/2010	NA	NA		NA	224.079365079365	43.3819444444444	28.4575	80.18	0	NA
7	BG001	17	8	BG001-14-1	nat	ass map	control	BOLT NINEPONE	14	1	0	0	0	y	1	16	16	NA	90	LIGHT PRPL FLRS	0.6	2.436	2010-10-20	85	9	12.7	3.4	16	12.9	3	8/27/2010	9/30/2010	light purple	NA	NA	NA	31	NA		NA	NA	43.3819444444444	28.4575	0	1	34
8	BG001	14	29	BG001-18-7	nat	ass map	control		18	7	22	20.7	4.9	y	1	9	9	NA	NA		1	3.234	2010-10-19	84	21	18.5	3.7	17	9.6	4.1	10/19/2010			0.119	NA	10/14/2010	84	NA		NA	NA	43.3819444444444	28.4575	101.43	1	87
9	BG001	14	34	BG001-8-4	nat	ass map	control		8	4	1	21.9	4.5	y	1	40	40	NA	53		0.7	2.937	2010-10-19	84	15	18	4.6	14	18.4	4.8	9/16/2010			0.193	9.545	10/14/2010	51	NA		NA	49.4559585492228	43.3819444444444	28.4575	98.55	1	54
10	BG001	12	21	BG001-2-1	nat	ass map	control		2	1	7	19.6	4.7	y	1	19.5	19.5	NA	41		0.8	2.898	2010-10-19	84	15	12.7	3.9	21	11.7	4.2	9/16/2010			0.063	13.645	9/28/2010	51	NA		NA	216.587301587302	43.3819444444444	28.4575	92.12	1	54
11	BG001	19	45	BG001-1-1	nat	ass map	control	BLT 17.0	1	1	0	0	0	y	1	18.5	18.5	NA	126	LIGHT PURPLE	0.8	3.035	2010-10-21	86	6	12	3.4	17	11.1	3.2	8/9/2010	9/3/2010	light purple	NA	NA	NA	13	NA		NA	NA	43.3819444444444	28.4575	0	1	16
12	BG001	7	1	BG001-3-2	nat	mat fx	control		3	2	0	NA	0	y	1	28.3	28.3	NA	13		0.7	2.726	2010-10-21	86	15	13.4	4.4	11	13.5	4.4	9/30/2010			0.075	11.876	10/18/2010	65	NA	NA	NA	158.346666666667	43.3819444444444	28.4575	NA	1	68
13	BG001	6	27	BG001-18-4	nat	mat fx	control		18	4	10	23.1	5.3	y	1	30.3	30.3	NA	33		1.3	4.472	2010-10-19	84	20	20.1	4.9	15	11	3.7	9/30/2010			0.126	26.044	10/19/2010	65	NA	NA	NA	206.698412698413	43.3819444444444	28.4575	122.43	1	68
14	BG001	6	29	BG001-8-1	nat	mat fx	control		8	1	0	0	0	y	1	39.5	39.5	NA	194	LGT PRPL	0.95	6.468	2010-10-19	84	32	25.7	4.5	15	16.2	4.2	9/10/2010	10/19/2010	light purple	NA	30.457	10/19/2010	45	NA	NA	NA	NA	43.3819444444444	28.4575	0	1	48
15	BG001	13	8	BG001-6-1	nat	ass map	control		6	1	3	19.5	1	y	1	30.1	30.1	NA	15		0.7	2.338	2010-10-21	86	19	15.2	2.2	14	13.2	3.7	9/30/2010			0.041	7.298	10/15/2010	65	NA		NA	178	43.3819444444444	28.4575	19.5	1	68
16	BG001	13	16	BG001-9-8	nat	ass map	control		9	8	3	20.5	2.5	y	1	41.6	41.6	NA	49		0.5	3.536	2010-10-21	86	17	19.4	3.8	16	12.6	4.4	9/30/2010			NA	NA	10/15/2010	65	NA		NA	NA	43.3819444444444	28.4575	51.25	1	68
17	BG001	16	18	BG001-17-4	nat	ass map	control		17	4	30	24.9	6.1	n	NA	NA	NA	NA	0		1.2	4.047	2010-10-15	80	20	19.3	3.6	18	10.6	2.5				0.169	22.737	10/13/2010	NA	NA		NA	134.538461538462	43.3819444444444	28.4575	151.89	0	NA
18	BG001	23	5	BG001-9-12	nat	ass map	control		9	12	6	24	5.2	y	1	38	38	NA	16		0.8	2.515	2010-10-20	85	14	22.4	7	11	16.8	3.8	9/30/2010			0.087	24.436	10/19/2010	65	NA		NA	280.873563218391	43.3819444444444	28.4575	124.8	1	68
19	BG001	19	31	BG001-9-9	nat	ass map	control		9	9	0	0	0	y	2	27.2	27.2	21	62	L PRPL	0.55	2.248	2010-10-21	86	7	15	3.6	10	11	3	9/16/2010	10/21/2010	light purple	NA	NA	10/14/2010	51	NA		NA	NA	43.3819444444444	28.4575	0	1	54
20	BG001	19	12	BG001-6-3	nat	ass map	control		6	3	17	23.8	5.3	n	NA	NA	NA	NA	NA		1.2	2.824	2010-10-21	86	14	20.4	2.6	15	15	3.6				0.126	21.565	10/14/2010	NA	NA		NA	171.150793650794	43.3819444444444	28.4575	126.14	0	NA
21	BG001	19	16	BG001-17-3	nat	ass map	control		17	3	25	25.1	4.8	y	1	23.3	23.3	NA	12		1.1	3.302	2010-10-21	86	19	16.9	3.2	20	12.5	2.3	10/8/2010			0.123	23.753	10/14/2010	73	NA		NA	193.113821138211	43.3819444444444	28.4575	120.48	1	76
22	BG001	22	18	BG001-8-2	nat	ass map	control	BOLT 32.5	8	2	0	0	0	y	1	33	33	NA	395	PRPL FLRS	0.75	6.393	2010-10-21	86	0	0	0	9	16.2	4.9	7/24/2010	9/30/2010	purple	NA	NA	NA	-3	NA	BOLTED TWENTYFOURPFIVE	NA	NA	43.3819444444444	28.4575	0	1	0
23	BG001	13	5	BG001-5-4	nat	ass map	control		5	4	8	25.5	5.6	n	NA	NA	NA	NA	NA		0.4	1.232	2010-10-21	86	13	11.9	3.2	11	9.6	3				0.078	24.535	10/15/2010	NA	NA		NA	314.551282051282	43.3819444444444	28.4575	142.8	0	NA
24	BG001	22	8	BG001-9-7	nat	ass map	control		9	7	17	23.1	5.5	n	NA	NA	NA	NA	NA		0.9	2.828	2010-10-21	86	20	20.8	4.7	14	17.5	4.1				0.133	NA	10/15/2010	NA	NA		NA	NA	43.3819444444444	28.4575	127.05	0	NA
25	BG001	17	31	BG001-4-1	nat	ass map	control		4	1	4	14.7	4	y	1	28	28	NA	12		0.8	2.209	2010-10-20	85	14	12	4.1	17	10.2	2.2	9/27/2010			0.059	19.48	9/28/2010	62	NA		NA	330.169491525424	43.3819444444444	28.4575	58.8	1	65
26	BG001	18	29	BG001-17-10	nat	ass map	control		17	10	23	25	4.7	n	NA	NA	NA	NA	NA		1.1	3.394	2010-10-20	85	27	21.2	5.4	19	10.3	3.1				0.103	15.924	10/18/2010	NA	NA		NA	154.601941747573	43.3819444444444	28.4575	117.5	0	NA
27	BG001	15	49	BG001-18-3	nat	ass map	control		18	3	0	NA	0	y	3	24.1	24.1	8.5	27		0.7	1.6	2010-10-21	86	15	10.9	3.1	16	10.5	2.9	9/16/2010			NA	NA	10/18/2010	51	0.7		NA	NA	43.3819444444444	28.4575	NA	1	54
28	BG001	16	1	BG001-9-10	nat	ass map	control	BT 12.6	9	10	0	0	0	y	1	20.3	20.3	NA	95	FLR PURPLE	0.6	3.474	2010-10-15	80	6	13.1	4	16	15.1	4.3	9/3/2010	9/10/2010	pale purple	NA	NA	NA	38	NA	BOLTED ONEPFIVE	NA	NA	43.3819444444444	28.4575	0	1	41
29	BG001	22	35	BG001-17-1	nat	ass map	control		17	1	7	25.8	5.9	y	1	38.5	38.5	NA	25		1.1	4.909	2010-10-21	86	23	16.7	3.9	18	12.5	3.1	9/30/2010			0.12	25.147	10/15/2010	65	NA		NA	209.558333333333	43.3819444444444	28.4575	152.22	1	68
30	BG001	21	47	BG001-9-6	nat	ass map	control	BLT 25.5	9	6	0	0	0	y	1	28	28	NA	220	FLR LIGHT PRPL	0.5	4.187	2010-10-21	86	3	14.1	3.1	14	17.2	4.7	8/9/2010	9/10/2010	light purple	NA	NA	NA	13	NA		NA	NA	43.3819444444444	28.4575	0	1	16
31	BG001	18	3	BG001-5-2	nat	ass map	control		5	2	12	23.9	5.1	y	1	32.5	32.5	NA	18		0.85	4.266	2010-10-20	85	19	13.7	4.5	16	10.6	3.2	9/30/2010			0.083	16.693	10/18/2010	65	NA		NA	201.120481927711	43.3819444444444	28.4575	121.89	1	68
32	CA001	14	18	CA001-4-6	inv	ass map	control		4	6	25	21.1	3	y	1	33.5	33.5	NA	10		1.2	4.771	2010-10-19	84	24	18.6	3.4	17	14.8	3.9	9/30/2010			0.082	NA	10/14/2010	65	NA		NA	NA	49.0149388888889	-122.882097222222	63.3	1	68
33	CA001	7	12	CA001-8-24	inv	mat fx	control		8	24	23	20.4	3.4	n	NA	NA	NA	NA	NA		0.9	4.371	2010-10-21	86	15	18.9	4.6	13	16.2	3.6				0.173	NA	10/18/2010	NA	NA	NA	NA	NA	49.0149388888889	-122.882097222222	69.36	0	NA
34	CA001	6	12	CA001-14-1	inv	mat fx	control		14	1	18	26.4	4.8	n	NA	NA	NA	NA	NA		0.8	4.045	2010-10-19	84	13	12.6	5	14	12.7	2.6				0.188	25.611	10/19/2010	NA	NA	NA	NA	136.228723404255	49.0149388888889	-122.882097222222	126.72	0	NA
35	CA001	12	15	CA001-20-12	inv	ass map	control		20	12	34	0	0	n	NA	0	0	NA	0		0.7	NA	2010-10-19	84	17	0	0	13	14	3.5				NA	21.315	9/28/2010	NA	NA		NA	NA	49.0149388888889	-122.882097222222	0	0	NA
36	CA001	17	14	CA001-12-2	inv	ass map	control		12	2	19	26.3	3.9	n	NA	NA	NA	NA	NA		0.8	3.935	2010-10-20	85	10	27.4	4	8	15.9	2.8				0.237	33.118	9/28/2010	NA	NA		NA	139.738396624473	49.0149388888889	-122.882097222222	102.57	0	NA
37	CA001	15	10	CA001-11-9	inv	ass map	control		11	9	34	18.6	4.1	n	NA	NA	NA	NA	NA		0.7	3.785	2010-10-21	86	13	15.8	3.8	12	16.5	3.6				0.099	17.137	10/18/2010	NA	NA		NA	173.10101010101	49.0149388888889	-122.882097222222	76.26	0	NA
38	CA001	7	18	CA001-9-5	inv	mat fx	control		9	5	28	22.1	4.4	n	NA	NA	NA	NA	NA		1	4.041	2010-10-21	86	10	19.4	4	12	14.7	3.6				0.112	19.991	10/18/2010	NA	NA	NA	NA	178.491071428571	49.0149388888889	-122.882097222222	97.24	0	NA
39	CA001	7	29	CA001-13-1	inv	mat fx	control		13	1	22	26	3.8	n	NA	NA	NA	NA	NA		0.5	3.77	2010-10-21	86	NA	NA	NA	10	21	4.3				0.117	16.606	10/18/2010	NA	NA	NA	NA	141.931623931624	49.0149388888889	-122.882097222222	98.8	0	NA
40	CA001	19	3	CA001-15-2	inv	ass map	control		15	2	20	22.3	4.1	n	NA	NA	NA	NA	NA		0.8	3.818	2010-10-21	86	11	21.4	3.7	14	15.4	3.6				0.134	NA	10/14/2010	NA	NA		NA	NA	49.0149388888889	-122.882097222222	91.43	0	NA
41	CA001	19	1	CA001-8-23	inv	ass map	control		8	23	27	19.9	4.8	n	NA	NA	NA	NA	NA		0.95	3.285	2010-10-21	86	12	27.2	6.5	10	18.8	5.3				0.135	28.41	10/14/2010	NA	NA		NA	210.444444444444	49.0149388888889	-122.882097222222	95.52	0	NA
42	CA001	22	9	CA001-5-18	inv	ass map	control		5	18	12	25.9	4.7	n	NA	NA	NA	NA	NA		0.8	3.973	2010-10-21	86	12	20.6	5.3	11	17.6	5.5				0.218	34.583	10/15/2010	NA	NA		NA	158.637614678899	49.0149388888889	-122.882097222222	121.73	0	NA
43	CA001	6	7	CA001-9-31	inv	mat fx	control		9	31	16	21.5	5.2	n	NA	NA	NA	NA	NA		1.1	4.276	2010-10-19	84	14	18.7	4.8	11	18.3	4.2				0.192	24.389	10/19/2010	NA	NA	NA	NA	127.026041666667	49.0149388888889	-122.882097222222	111.8	0	NA
44	CA001	14	3	CA001-7-1	inv	ass map	control		7	1	24	24.5	4.3	n	NA	NA	NA	NA	NA		1	4.117	2010-10-19	84	10	18.6	5.5	12	21.5	5.1				0.164	29.144	10/14/2010	NA	NA		NA	177.707317073171	49.0149388888889	-122.882097222222	105.35	0	NA
45	GR002	7	25	GR002-10-4	nat	mat fx	control		10	4	24	19.5	6.5	n	NA	NA	NA	NA	NA		1.8	3.069	2010-10-21	86	NA	NA	NA	13	13.5	3.6				0.134	27.169	10/18/2010	NA	NA	NA	NA	202.753731343284	40.6213888888889	23.0786111111111	126.75	0	NA
46	GR002	6	41	GR002-9-4	nat	mat fx	control		9	4	15	23.6	4.2	n	NA	NA	NA	NA	NA		0.8	3.371	2010-10-19	84	13	20.6	4.4	16	21.3	4.2				0.151	19.606	10/19/2010	NA	NA	NA	NA	129.841059602649	40.6213888888889	23.0786111111111	99.12	0	NA
47	GR002	7	47	GR002-3-2	nat	mat fx	control		3	2	18	22.4	3.6	n	NA	NA	NA	NA	NA		1	2.67	2010-10-21	86	7	15.2	2.1	14	15.5	3.7				0.156	21.326	10/18/2010	NA	NA	NA	NA	136.705128205128	40.6213888888889	23.0786111111111	80.64	0	NA
48	GR002	6	34	GR002-1-2	nat	mat fx	control		1	2	8	26.5	6.1	y	NA	NA	NA	NA	NA		1	4.238	2010-10-19	84	11	20.7	5.1	12	17.8	3.8	9/30/2010			0.138	33.106	10/19/2010	65	NA	NA	NA	239.898550724638	40.6213888888889	23.0786111111111	161.65	1	68
49	GR002	12	38	GR002-9-6	nat	ass map	control		9	6	16	23.7	4.4	y	1	31.5	31.5	NA	4		0.8	4.478	2010-10-19	84	15	20	4.7	15	16.3	2.7	9/27/2010			0.165	28.626	9/28/2010	62	NA		NA	173.490909090909	40.6213888888889	23.0786111111111	104.28	1	65
50	GR002	7	43	GR002-6-1	nat	mat fx	control		6	1	35	22.6	3.1	n	NA	NA	NA	NA	NA		1	4.044	2010-10-21	86	18	16	4.6	20	15.9	5.2				0.149	22.874	10/18/2010	NA	NA	NA	NA	153.51677852349	40.6213888888889	23.0786111111111	70.06	0	NA
51	GR002	16	35	GR002-9-7	nat	ass map	control		9	7	2	17.9	3.7	y	1	33.5	33.5	NA	55	FLR WHITE	0.9	4.328	2010-10-15	80	18	20.3	6	16	13.9	3.1	9/16/2010	10/15/2010	white	0.069	14.952	10/13/2010	51	NA		NA	216.695652173913	40.6213888888889	23.0786111111111	66.23	1	54
52	GR002	20	43	GR002-10-2	nat	ass map	control		10	2	15	18.3	4	n	NA	NA	NA	NA	NA		0.9	2.525	2010-10-21	86	12	15.4	5.4	15	13	4.4				0.102	18.22	10/15/2010	NA	NA		NA	178.627450980392	40.6213888888889	23.0786111111111	73.2	0	NA
53	GR002	7	16	GR002-1-1	nat	mat fx	control		1	1	27	24.5	5.1	n	NA	NA	NA	NA	NA		0.9	3.468	2010-10-21	86	13	17.2	3.5	14	17.5	3.9				0.062	12.142	10/18/2010	NA	NA	NA	NA	195.838709677419	40.6213888888889	23.0786111111111	124.95	0	NA
54	RU008	6	23	RU008-5-2	nat	mat fx	control		5	2	5	26.4	6.7	y	1	49.2	49.2	NA	19		0.9	4.758	2010-10-19	84	19	17.1	5.6	14	16.4	3.9	9/30/2010			0.135	NA	10/19/2010	65	NA	NA	NA	NA	44.05	43.06000278	176.88	1	68
55	RU008	6	25	RU008-11-1	nat	mat fx	control		11	1	25	31.5	5.3	n	NA	NA	NA	NA	NA		0.8	3.944	2010-10-19	84	14	23.9	6.7	14	14.3	3.4				0.139	22.506	10/19/2010	NA	NA	NA	NA	161.913669064748	44.05	43.06000278	166.95	0	NA
56	RU008	6	47	RU008-8-2	nat	mat fx	control		8	2	8	20	5.2	y	1	21	21	NA	6		0.9	NA	2010-10-19	84	17	19	7.1	13	19.5	4.7	9/30/2010			0.107	19.242	10/19/2010	65	NA	NA	NA	179.831775700935	44.05	43.06000278	104	1	68
57	RU008	6	9	RU008-1-2	nat	mat fx	control		1	2	16	25.8	4.5	n	NA	NA	NA	NA	NA		1	3.713	2010-10-19	84	22	19.1	5.7	15	16.1	3.2				0.155	24.613	10/19/2010	NA	NA	NA	NA	158.793548387097	44.05	43.06000278	116.1	0	NA
58	RU008	7	38	RU008-5-9	nat	mat fx	control		5	9	12	18	2.5	y	1	41.6	41.6	NA	50		1.1	4.146	2010-10-21	86	11	16.7	3.2	18	17.6	3.2	9/30/2010			0.072	18.968	10/18/2010	65	NA	NA	NA	263.444444444444	44.05	43.06000278	45	1	68
59	RU008	7	27	RU008-5-1	nat	mat fx	control		5	1	10	21.5	4.3	y	1	36	36	NA	62		0.7	5.523	2010-10-21	86	NA	NA	NA	25	16	4.2	9/30/2010			0.095	19.223	10/18/2010	65	NA	NA	NA	202.347368421053	44.05	43.06000278	92.45	1	68
60	TR001	7	36	TR001-9-9	nat	mat fx	control	BLT 29.7	9	9	0	0	0	y	1	37.1	37.1	NA	71	FLR WHITE	0.5	2.697	2010-10-21	86	12	16.3	3	16	16.1	2.5	8/9/2010	9/16/2010	white	NA	NA	NA	13	NA	NA	NA	NA	41.7511111111111	27.2477777777778	0	1	16
61	TR001	7	3	TR001-9-18	nat	mat fx	control		9	18	12	21	3.4	n	NA	NA	NA	NA	NA		1	1.695	2010-10-21	86	10	16.5	3.7	13	17.5	3.3				0.129	18.893	10/18/2010	NA	NA	NA	NA	146.457364341085	41.7511111111111	27.2477777777778	71.4	0	NA
62	TR001	15	20	TR001-9-8	nat	ass map	control		9	8	17	29.5	4.8	n	NA	NA	NA	NA	NA		0.7	2.776	2010-10-21	86	14	20.4	4.3	12	20.6	4				0.182	24.048	10/18/2010	NA	NA		NA	132.131868131868	41.7511111111111	27.2477777777778	141.6	0	NA
63	TR001	7	20	TR001-9-6	nat	mat fx	control		9	6	19	17.5	3.7	n	NA	NA	NA	NA	NA		0.7	1.9	2010-10-21	86	11	14.8	3.7	17	15.1	4.5				0.056	8.329	10/18/2010	NA	NA	NA	NA	148.732142857143	41.7511111111111	27.2477777777778	64.75	0	NA
64	TR001	18	25	TR001-9-11	nat	ass map	control		9	11	15	26.2	5.8	n	NA	NA	NA	NA	NA		0.75	2.835	2010-10-20	85	13	20.5	5.3	13	19.9	4.8				0.196	26.84	10/18/2010	NA	NA		NA	136.938775510204	41.7511111111111	27.2477777777778	151.96	0	NA
65	TR001	7	49	TR001-9-23	nat	mat fx	control		9	23	21	14.6	3.5	y	1	33.1	33.1	NA	NA		0.8	2.954	2010-10-21	86	13	14.7	2.8	15	15.9	2.9	9/30/2010			0.064	7.922	10/18/2010	65	NA	NA	NA	123.78125	41.7511111111111	27.2477777777778	51.1	1	68
66	TR001	21	10	TR001-9-4	nat	ass map	control		9	4	13	27.8	4	n	NA	NA	NA	NA	NA		0.9	2.001	2010-10-21	86	17	21	3.5	14	15	3.2				0.129	23.725	10/14/2010	NA	NA		NA	183.914728682171	41.7511111111111	27.2477777777778	111.2	0	NA
67	TR001	20	1	TR001-7-1	nat	ass map	control		7	1	14	23.3	4.8	n	NA	NA	NA	NA	NA		0.8	2.05	2010-10-21	86	13	18	3.4	12	18.1	3.5				0.118	21.236	10/15/2010	NA	NA		NA	179.966101694915	41.7511111111111	27.2477777777778	111.84	0	NA
68	TR001	6	21	TR001-9-13	nat	mat fx	control		9	13	3	26.3	3.1	y	1	40.5	40.5	NA	NA		0.9	3.595	2010-10-19	84	11	18.5	5.8	16	17.3	3.3	9/30/2010			0.078	NA	10/19/2010	65	NA	NA	NA	NA	41.7511111111111	27.2477777777778	81.53	1	68
69	TR001	7	9	TR001-3-1	nat	mat fx	control		3	1	16	22	3.1	n	NA	NA	NA	NA	NA		0.6	2.177	2010-10-21	86	12	18.2	3.1	12	14.8	2.9				0.108	14.419	10/18/2010	NA	NA	NA	NA	133.509259259259	41.7511111111111	27.2477777777778	68.2	0	NA
70	US001	6	43	US001-9-7	inv	mat fx	control		9	7	11	27.2	4.6	n	NA	NA	NA	NA	NA		0.9	3.704	2010-10-19	84	11	19.7	3.8	15	19.9	3.7				0.257	40.578	10/19/2010	NA	NA	NA	NA	157.891050583658	45.6152333333333	-120.787533333333	125.12	0	NA
71	US001	22	29	US001-10-1	inv	ass map	control		10	1	10	27.5	6.1	n	NA	NA	NA	NA	NA		0.9	3.2	2010-10-21	86	10	28.2	6.9	14	20.9	3.1				0.198	35.402	10/15/2010	NA	NA		NA	178.79797979798	45.6152333333333	-120.787533333333	167.75	0	NA
72	US001	7	23	US001-7-4	inv	mat fx	control		7	4	17	25.3	4.1	n	NA	NA	NA	NA	NA		0.8	3.756	2010-10-21	86	NA	NA	NA	16	20.9	4.8				0.161	27.146	10/18/2010	NA	NA	NA	NA	168.608695652174	45.6152333333333	-120.787533333333	103.73	0	NA
73	US001	21	1	US001-6-2	inv	ass map	control		6	2	12	28	4	n	NA	NA	NA	NA	NA		0.8	2.95	2010-10-21	86	12	21.8	5.3	14	20.7	4.5				0.134	27.937	10/14/2010	NA	NA		NA	208.485074626866	45.6152333333333	-120.787533333333	112	0	NA
74	US001	7	7	US001-10-5	inv	mat fx	control		10	5	15	21	2.5	n	NA	NA	NA	NA	NA		1	3.484	2010-10-21	86	9	16.2	3.8	12	16	3.5				0.194	25.093	10/18/2010	NA	NA	NA	NA	129.345360824742	45.6152333333333	-120.787533333333	52.5	0	NA
75	US001	6	40	US001-10-3	inv	mat fx	control		10	3	8	27.6	4.7	n	NA	NA	NA	NA	NA		0.7	3.088	2010-10-19	84	10	18.9	5	15	21.3	3.9				0.177	32.59	10/19/2010	NA	NA	NA	NA	184.124293785311	45.6152333333333	-120.787533333333	129.72	0	NA
76	US001	15	1	US001-3-1	inv	ass map	control		3	1	55	20.5	4.3	y	1	29	29	NA	2		0.6	3.241	2010-10-21	86	13	22.5	4	14	22.2	4.5	10/8/2010			0.094	NA	10/18/2010	73	NA		NA	NA	45.6152333333333	-120.787533333333	88.15	1	76
77	US001	6	20	US001-6-3	inv	mat fx	control		6	3	19	31.6	6.4	n	NA	NA	NA	NA	NA		0.9	4.28	2010-10-19	84	15	20.8	5.2	14	20.2	4.3				0.16	28.432	10/19/2010	NA	NA	NA	NA	177.7	45.6152333333333	-120.787533333333	202.24	0	NA
78	US001	21	36	US001-5-1	inv	ass map	control		5	1	12	33.7	5.5	n	NA	NA	NA	NA	NA		0.8	3.351	2010-10-21	86	13	26.3	5.2	15	23	3.8				0.153	34.93	10/14/2010	NA	NA		NA	228.300653594771	45.6152333333333	-120.787533333333	185.35	0	NA
79	US001	22	41	US001-7-11	inv	ass map	control		7	11	13	25.5	6.4	n	NA	NA	NA	NA	NA		0.9	3.258	2010-10-21	86	10	19.3	7.4	12	21.2	5.7				0.181	NA	10/15/2010	NA	NA		NA	NA	45.6152333333333	-120.787533333333	163.2	0	NA
80	US001	23	31	US001-4-1	inv	ass map	control		4	1	13	28.1	4.6	n	NA	NA	NA	NA	NA		0.7	3.336	2010-10-20	85	19	21.2	3.2	16	19.7	3.9				0.087	19.84	10/19/2010	NA	NA		NA	228.045977011494	45.6152333333333	-120.787533333333	129.26	0	NA
81	US001	6	45	US001-10-4	inv	mat fx	control		10	4	13	23.2	5	n	NA	NA	NA	NA	NA		0.9	3.882	2010-10-19	84	10	16.7	5.2	14	15.5	3.8				0.221	37.256	10/19/2010	NA	NA	NA	NA	168.579185520362	45.6152333333333	-120.787533333333	116	0	NA
82	US001	20	29	US001-2-4	inv	ass map	control		2	4	13	20.5	4.7	n	NA	NA	NA	NA	NA		1	3.713	2010-10-21	86	14	24.2	6.4	13	24.3	6.5				0.2	33.337	10/15/2010	NA	NA		NA	166.685	45.6152333333333	-120.787533333333	96.35	0	NA
83	US001	15	34	US001-7-3	inv	ass map	control		7	3	19	25	5.1	n	NA	NA	NA	NA	NA		0.8	4.414	2010-10-21	86	17	26.1	7.3	14	17.9	5.1				0.185	29.956	10/18/2010	NA	NA		NA	161.924324324324	45.6152333333333	-120.787533333333	127.5	0	NA
84	US002	14	21	US002-6-5	inv	ass map	control		6	5	15	23.2	4	n	NA	NA	NA	NA	NA		0.7	1.517	2010-10-19	84	13	10.8	3	7	4.5	1.2				0.101	22.939	10/14/2010	NA	NA	WTF	NA	227.118811881188	46.1822666666667	-118.82615	92.8	0	NA
85	US002	7	14	US002-3-23	inv	mat fx	control		3	23	21	27	6.2	n	NA	NA	NA	NA	NA		0.7	3.701	2010-10-21	86	22	24	5.2	14	16.4	4.2				0.204	30.57	10/18/2010	NA	NA	NA	NA	149.852941176471	46.1822666666667	-118.82615	167.4	0	NA
86	US002	6	49	US002-5-3	inv	mat fx	control		5	3	37	0	0	n	NA	NA	NA	NA	NA		0.9	NA	2010-10-19	84	21	0	0	18	11.6	3.5				NA	NA	10/19/2010	NA	NA	NA	NA	NA	46.1822666666667	-118.82615	0	0	NA
87	US002	23	9	US002-1-1	inv	ass map	control		1	1	55	20.5	4.3	y	1	29	29	NA	2		0.6	4.665	2010-10-20	85	47	16.5	4.2	33	17.3	2.8	9/30/2010			0.079	18.544	10/19/2010	65	NA		NA	234.73417721519	46.1822666666667	-118.82615	88.15	1	68
88	US002	19	30	US002-4-1	inv	ass map	control		4	1	24	20.4	5.1	y	1	2.5	2.5	NA	NA		1.05	4.874	2010-10-21	86	20	17.9	4.3	20	17.2	5.1	10/21/2010			0.132	24.098	10/14/2010	86	NA		NA	182.560606060606	46.1822666666667	-118.82615	104.04	1	89
89	US002	7	40	US002-6-2	inv	mat fx	control		6	2	0	0	0	y	2	33.3	33.3	25.8	64		1	4.126	2010-10-21	86	11	15	2	14	12	2.5	9/16/2010			NA	NA	10/18/2010	51	NA	NA	NA	NA	46.1822666666667	-118.82615	0	1	54
90	US002	6	16	US002-6-4	inv	mat fx	control		6	4	23	24.1	6.1	n	NA	NA	NA	NA	NA		1	5.091	2010-10-19	84	12	20.5	6.5	15	15	3.4				0.145	31.653	10/19/2010	NA	NA	NA	NA	218.296551724138	46.1822666666667	-118.82615	147.01	0	NA
91	US002	6	38	US002-3-21	inv	mat fx	control		3	21	10	29.1	5.2	n	NA	NA	NA	NA	NA		0.8	3.458	2010-10-19	84	10	22.1	6.5	11	19.6	3.5				0.27	40.1	10/19/2010	NA	NA	NA	NA	148.518518518519	46.1822666666667	-118.82615	151.32	0	NA
92	US002	15	11	US002-5-8	inv	ass map	control		5	8	23	17.2	3.1	n	NA	NA	NA	NA	NA		1.1	4.072	2010-10-21	86	21	15.5	3.4	20	15.4	4.7				0.134	21.695	10/18/2010	NA	NA		NA	161.902985074627	46.1822666666667	-118.82615	53.32	0	NA
93	US002	22	27	US002-3-8	inv	ass map	control		3	8	14	34.2	8.4	y	1	7.5	7.5	NA	NA		0.9	4.453	2010-10-21	86	14	28.6	5.9	21	21.1	5.2	10/21/2010			0.316	42.723	10/15/2010	86	NA		NA	135.199367088608	46.1822666666667	-118.82615	287.28	1	89
94	US002	17	12	US002-5-11	inv	ass map	control		5	11	25	19.9	4.3	n	NA	NA	NA	NA	NA		1	4.415	2010-10-20	85	23	21.1	3.6	18	12.7	4.2				0.147	31.831	9/28/2010	NA	NA		NA	216.537414965986	46.1822666666667	-118.82615	85.57	0	NA
95	US002	20	23	US002-2-2	inv	ass map	control		2	2	23	21.5	5.1	y	1	2	2	NA	NA		1	4.398	2010-10-21	86	17	19.9	6.1	19	11.2	3.5	10/21/2010			0.193	32.695	10/15/2010	86	NA		NA	169.40414507772	46.1822666666667	-118.82615	109.65	1	89
96	US002	6	36	US002-3-24	inv	mat fx	control		3	24	18	27.5	6.3	n	NA	NA	NA	NA	NA		0.9	5.017	2010-10-19	84	27	23.5	5.4	20	16.8	3.5				0.222	40.231	10/19/2010	NA	NA	NA	NA	181.220720720721	46.1822666666667	-118.82615	173.25	0	NA
97	US002	12	36	US002-3-14	inv	ass map	control		3	14	25	30.6	6.8	n	NA	NA	NA	NA	NA		0.9	3.77	2010-10-19	84	21	30.1	5.7	16	15.4	3.4				0.138	29.881	9/28/2010	NA	NA		NA	216.528985507246	46.1822666666667	-118.82615	208.08	0	NA
98	US003	20	10	US003-13-4	inv	ass map	control		13	4	22	21.3	5.6	n	NA	NA	NA	NA	NA		0.9	2.324	2010-10-21	86	14	15.4	4.1	12	15.8	5.3				0.126	23.244	10/15/2010	NA	NA		NA	184.47619047619	46.60415	-116.64175	119.28	0	NA
99	US003	6	10	US003-3-10	inv	mat fx	control		3	10	21	24.1	5	n	NA	NA	NA	NA	NA		0.8	3.816	2010-10-19	84	18	15.1	3.8	14	14.1	3.7				0.125	20.214	10/19/2010	NA	NA	NA	NA	161.712	46.60415	-116.64175	120.5	0	NA
100	US003	17	21	US003-14-7	inv	ass map	control		14	7	19	22.5	5.1	n	NA	NA	NA	NA	NA		1	3.342	2010-10-20	85	15	19	3.6	15	18.7	4.3				0.093	17.607	9/28/2010	NA	NA		NA	189.322580645161	46.60415	-116.64175	114.75	0	NA
101	US003	7	32	US003-2-1	inv	mat fx	control		2	1	18	25	4.1	n	NA	NA	NA	NA	NA		0.8	3.215	2010-10-21	86	15	21.3	7.2	13	17.5	4.2				0.148	21.693	10/18/2010	NA	NA	NA	NA	146.574324324324	46.60415	-116.64175	102.5	0	NA
102	US003	7	50	US003-9-7	inv	mat fx	control		9	7	14	16	4.1	n	NA	NA	NA	NA	NA		1	2.035	2010-10-21	86	15	18.7	5.2	23	18.6	4.9				0.056	8.95	10/18/2010	NA	NA	NA	NA	159.821428571429	46.60415	-116.64175	65.6	0	NA
103	US003	12	49	US003-9-5	inv	ass map	control		9	5	21	24.5	6	n	NA	NA	NA	NA	NA		0.9	4.342	2010-10-19	84	12	23.4	3.6	12	23.9	5.2				0.178	28.747	9/28/2010	NA	NA		NA	161.5	46.60415	-116.64175	147	0	NA
104	US003	7	5	US003-16-11	inv	mat fx	control		16	11	NA	NA	NA	n	NA	NA	NA	NA	NA		NA	3.445	2010-10-21	86	16	17.8	4.1	14	18.4	4.1				0.122	17.082	10/18/2010	NA	NA	NA	NA	140.016393442623	46.60415	-116.64175	NA	0	NA
105	US003	6	50	US003-8-2	inv	mat fx	control		8	2	16	18.8	4.8	y	1	3	3	NA	0		0.8	3.295	2010-10-19	84	18	13.2	4.8	15	12.2	3.2	10/8/2010			0.106	15.46	10/19/2010	73	NA	NA	NA	145.849056603774	46.60415	-116.64175	90.24	1	76
106	US003	7	10	US003-7-4	inv	mat fx	control		7	4	17	18	3.1	n	NA	NA	NA	NA	NA		0.8	1.96	2010-10-21	86	7	21.3	3.1	11	21.9	5.1				0.132	13.089	10/18/2010	NA	NA	NA	NA	99.1590909090909	46.60415	-116.64175	55.8	0	NA
107	US003	17	35	US003-4-2	inv	ass map	control		4	2	22	27.3	6.3	n	NA	NA	NA	NA	NA		0.85	4.03	2010-10-20	85	14	20.3	4.2	12	20.4	4.7				0.204	29.797	9/28/2010	NA	NA		NA	146.063725490196	46.60415	-116.64175	171.99	0	NA
108	US003	20	9	US003-14-9	inv	ass map	control		14	9	28	25.6	5.2	n	NA	NA	NA	NA	NA		1.2	2.944	2010-10-21	86	18	20.6	5.9	20	19.3	5.2				0.066	15.592	10/15/2010	NA	NA		NA	236.242424242424	46.60415	-116.64175	133.12	0	NA
109	US003	18	27	US003-16-1	inv	ass map	control		16	1	NA	NA	NA	n	NA	NA	NA	NA	NA		NA	6.136	2010-10-20	85	20	17.8	4	15	16.7	3.9	9/16/2010			0.185	27.298	10/18/2010	51	NA		NA	147.556756756757	46.60415	-116.64175	NA	0	54
110	US003	19	50	US003-3-5	inv	ass map	control		3	5	19	22.3	3.7	n	NA	NA	NA	NA	NA		0.95	3.872	2010-10-21	86	12	16.1	4.3	15	16.2	4.2				0.137	18.9	10/14/2010	NA	NA		NA	137.956204379562	46.60415	-116.64175	82.51	0	NA
111	US003	17	27	US003-11-11	inv	ass map	control		11	11	20	30.3	7.2	n	NA	NA	NA	NA	NA		1	4.472	2010-10-20	85	17	21.4	7.1	15	21.9	7.1				0.168	37.32	9/28/2010	NA	NA		NA	222.142857142857	46.60415	-116.64175	218.16	0	NA
