PopID	MomID	Mom	Origin	SeedWt	GermAvgDate	GermCount	GermPercent	CollYear	SeedAgeYrs	ComboSeedWt	SeedCount	Sdwt.log	GermPerc.arsq	Latitude	Longitude	AvgGermDate.log
1	BG001	BG001.22	22	nat	1.294666667	3.2	15	100	2008	1	19.42	15	0.258253262018435	89.9987755437136	43.3819444444444	28.4575	1.16315080980568
2	BG001	BG001.17	17	nat	1.088588235	3	15	88	2008	1	18.506	17	0.0848816595004398	69.7311502342649	43.3819444444444	28.4575	1.09861228866811
3	BG001	BG001.29	29	nat	1.258466667	3.07	14	93	2008	1	18.877	15	0.229894048949259	74.6572757142422	43.3819444444444	28.4575	1.12167756159911
4	BG001	BG001.16	16	nat	0.823333333	3.07	14	93	2008	1	12.35	15	-0.194394138433082	74.6572757142422	43.3819444444444	28.4575	1.12167756159911
5	BG001	BG001.25	25	nat	0.794266667	3	14	93	2008	1	11.914	15	-0.23033602147604	74.6572757142422	43.3819444444444	28.4575	1.09861228866811
6	CA001	CA001.2	2	inv	1.375933333	3.14	14	93	2008	1	20.639	15	0.319132288482769	74.6572757142422	49.0149388888889	-122.882097222222	1.14422279992016
7	CA001	CA001.4	4	inv	1.644933333	3.33	15	100	2008	1	24.674	15	0.49769985634442	89.9987755437136	49.0149388888889	-122.882097222222	1.20297230399235
8	CA001	CA001.6	6	inv	1.463133333	4.29	14	93	2008	1	21.947	15	0.38058025459069	74.6572757142422	49.0149388888889	-122.882097222222	1.45628673293993
9	CA001	CA001.7	7	inv	1.452066667	3.43	14	93	2008	1	21.781	15	0.372987829260439	74.6572757142422	49.0149388888889	-122.882097222222	1.23256026117785
10	CA001	CA001.3	3	inv	1.2098	3.33	15	100	2008	1	18.147	15	0.190455056690677	89.9987755437136	49.0149388888889	-122.882097222222	1.20297230399235
11	CA007	CA007.3	3	inv	2.300333333	3.33	3	100	2008	1	6.901	3	0.833054039825449	89.9987755437136	49.2961027777778	-118.473830555556	1.20297230399235
12	CA007	CA007.6	6	inv	0.85825	NA	0	0	2008	1	3.433	4	-0.152859846644336	0	49.2961027777778	-118.473830555556	NA
13	CA007	CA007.1	1	inv	0.925333333	3	1	33	2008	1	2.776	3	-0.0776012463837822	35.0610859499474	49.2961027777778	-118.473830555556	1.09861228866811
14	CA007	CA007.2	2	inv	1.146666667	3	5	83	2008	1	6.88	6	0.136859183007895	65.6490432238827	49.2961027777778	-118.473830555556	1.09861228866811
15	CA007	CA007.4	4	inv	1.1215	3	3	75	2008	1	4.486	4	0.114667074978126	59.9991836958091	49.2961027777778	-118.473830555556	1.09861228866811
16	CA007	CA007.5	5	inv	0.985857143	3	1	14	2008	1	6.901	7	-0.0142438202719419	21.9724608402228	49.2961027777778	-118.473830555556	1.09861228866811
17	CA008	CA008.4	4	inv	1.062	3.36	14	93	2008	1	15.93	15	0.0601539228197471	74.6572757142422	49.0120833333333	-118.645711111111	1.21194097397511
18	CA008	CA008.5	5	inv	1.703133333	3.86	14	93	2008	1	25.547	15	0.532469691628145	74.6572757142422	49.0120833333333	-118.645711111111	1.35066718347674
19	CA008	CA008.6	6	inv	0.7944	4.33	9	60	2008	1	11.916	15	-0.230168166251174	50.7677888076978	49.0120833333333	-118.645711111111	1.4655675420144
20	CA008	CA008.2	2	inv	0.872444444	3.67	6	67	2008	1	7.852	9	-0.136456301431429	54.9376895937662	49.0120833333333	-118.645711111111	1.30019166206648
21	CA008	CA008.1	1	inv	0.800714286	6	2	29	2008	1	5.605	7	-0.222251092174366	32.5822629651547	49.0120833333333	-118.645711111111	1.79175946922805
22	GR001	GR001.26	26	nat	0.778733333	3.93	15	100	2008	1	11.681	15	-0.250086611356696	89.9987755437136	40.1566666666667	22.5480555555556	1.36863942588117
23	GR001	GR001.28	28	nat	0.849266667	3.07	14	93	2008	1	12.739	15	-0.163382046582065	74.6572757142422	40.1566666666667	22.5480555555556	1.12167756159911
24	GR001	GR001.14	14	nat	1.006133333	3.27	15	100	2008	1	15.092	15	0.00611460066855257	89.9987755437136	40.1566666666667	22.5480555555556	1.18478998490916
25	GR001	GR001.24	24	nat	0.780933333	4	7	47	2008	1	11.714	15	-0.247265493861459	43.2795047875457	40.1566666666667	22.5480555555556	1.38629436111989
26	GR001	GR001.6	6	nat	0.7006	4.86	7	47	2008	1	10.509	15	-0.355818168218751	43.2795047875457	40.1566666666667	22.5480555555556	1.5810384379124
27	GR002	GR002.17	17	nat	0.895666667	3.17	6	40	2008	1	13.435	15	-0.110186958662593	39.2309867360158	40.6213888888889	23.0786111111111	1.15373158788919
28	GR002	GR002.25	25	nat	1.0792	3.23	13	87	2008	1	16.188	15	0.076220025911409	68.8647708624491	40.6213888888889	23.0786111111111	1.17248213723457
29	GR002	GR002.2	2	nat	0.8696	3.77	13	87	2008	1	13.044	15	-0.139721943175137	68.8647708624491	40.6213888888889	23.0786111111111	1.32707500145992
30	GR002	GR002.8	8	nat	0.834333333	3.55	11	73	2008	1	12.515	15	-0.181122276617993	58.6927552214285	40.6213888888889	23.0786111111111	1.26694760348732
31	GR002	GR002.13	13	nat	0.781933333	3.87	15	100	2008	1	11.729	15	-0.245985793989136	89.9987755437136	40.6213888888889	23.0786111111111	1.35325450704169
32	GR003	GR003.9	9	nat	0.7354	3.67	12	80	2008	1	11.031	15	-0.307340710114965	63.4340857860124	40.8508333333333	25.7930555555556	1.30019166206648
33	GR003	GR003.12	12	nat	0.585666667	3.6	15	100	2008	1	8.785	15	-0.535004478893997	89.9987755437136	40.8508333333333	25.7930555555556	1.28093384546206
34	GR003	GR003.10	10	nat	0.842466667	3.13	15	100	2008	1	12.637	15	-0.171421181930003	89.9987755437136	40.8508333333333	25.7930555555556	1.14103300455206
35	GR003	GR003.3	3	nat	1.174133333	4.36	14	93	2008	1	17.612	15	0.1605302865074	74.6572757142422	40.8508333333333	25.7930555555556	1.47247205736094
36	GR003	GR003.17	17	nat	1.212066667	4.58	12	80	2008	1	18.181	15	0.192326891909938	63.4340857860124	40.8508333333333	25.7930555555556	1.52169899812609
37	HU001	HU001.13	13	nat	1.102	3.23	13	87	2008	1	16.53	15	0.0971267107307228	68.8647708624491	47.6419444444444	18.7825	1.17248213723457
38	HU001	HU001.14	14	nat	0.719533333	3.38	13	87	2008	1	10.793	15	-0.329152425722264	68.8647708624491	47.6419444444444	18.7825	1.21787570949493
39	HU001	HU001.24	24	nat	1.163	3.6	15	100	2008	1	17.445	15	0.151002873536527	89.9987755437136	47.6419444444444	18.7825	1.28093384546206
40	HU001	HU001.28	28	nat	1.0814	3.08	13	87	2008	1	16.221	15	0.0782564979657673	68.8647708624491	47.6419444444444	18.7825	1.12492959698548
41	HU001	HU001.5	5	nat	1.1152	3.36	14	93	2008	1	16.728	15	0.109033761024122	74.6572757142422	47.6419444444444	18.7825	1.21194097397511
42	RO001	RO001.28	28	nat	0.671466667	3.38	8	53	2008	1	10.072	15	-0.398290903863738	46.7192707561679	44.1102777777778	28.6369444444444	1.21787570949493
43	RO001	RO001.6	6	nat	1.142733333	3.73	15	100	2008	1	17.141	15	0.133423053131012	89.9987755437136	44.1102777777778	28.6369444444444	1.31640823365572
44	RO001	RO001.21	21	nat	0.772333333	5.14	14	93	2008	1	11.585	15	-0.258339043649463	74.6572757142422	44.1102777777778	28.6369444444444	1.63705307946707
45	RO001	RO001.12	12	nat	0.760333333	3.85	13	87	2008	1	11.405	15	-0.273998345804263	68.8647708624491	44.1102777777778	28.6369444444444	1.34807314829969
46	RO001	RO001.13	13	nat	1.091866667	5.67	15	100	2008	1	16.378	15	0.0878887700510739	89.9987755437136	44.1102777777778	28.6369444444444	1.73518911773966
47	RO002	RO002.13	13	nat	0.9448	3.4	15	100	2005	4	14.172	15	-0.0567820140989845	89.9987755437136	43.9024333333333	28.5739166666667	1.22377543162212
48	RO002	RO002.15	15	nat	0.775933333	3	15	100	2005	4	11.639	15	-0.253688673571961	89.9987755437136	43.9024333333333	28.5739166666667	1.09861228866811
49	RO002	RO002.12	12	nat	0.8974	3	15	100	2005	4	13.461	15	-0.108253585440254	89.9987755437136	43.9024333333333	28.5739166666667	1.09861228866811
50	RO002	RO002.22	22	nat	0.728466667	3.31	13	87	2005	4	10.927	15	-0.31681341005602	68.8647708624491	43.9024333333333	28.5739166666667	1.19694818938897
51	RO002	RO002.18	18	nat	0.6476	5.31	13	87	2005	4	9.714	15	-0.434482057178657	68.8647708624491	43.9024333333333	28.5739166666667	1.66959183525385
52	RO003	RO003.21	21	nat	0.8478	3.93	14	93	2005	4	12.717	15	-0.1651105200636	74.6572757142422	44.3896666666667	28.5266388888889	1.36863942588117
53	RO003	RO003.11	11	nat	0.877333333	3.46	13	87	2005	4	13.16	15	-0.130868275584978	68.8647708624491	44.3896666666667	28.5266388888889	1.24126858906963
54	RO003	RO003.15	15	nat	0.671733333	3.67	12	80	2005	4	10.076	15	-0.397893843108075	63.4340857860124	44.3896666666667	28.5266388888889	1.30019166206648
55	RO003	RO003.4	4	nat	1.211466667	3.08	12	80	2005	4	18.172	15	0.191831747070095	63.4340857860124	44.3896666666667	28.5266388888889	1.12492959698548
56	RO003	RO003.9	9	nat	1.020266667	3.29	14	93	2005	4	15.304	15	0.0200640313624537	74.6572757142422	44.3896666666667	28.5266388888889	1.19088756477728
57	RO004	RO004.12	12	nat	1.018133333	3.08	13	87	2005	4	15.272	15	0.0179708849938399	68.8647708624491	45.5761833333333	29.51805	1.12492959698548
58	RO004	RO004.3	3	nat	1.029933333	3.08	13	87	2005	4	15.449	15	0.0294940749040571	68.8647708624491	45.5761833333333	29.51805	1.12492959698548
59	RO004	RO004.21	21	nat	1.0352	3	13	87	2005	4	15.528	15	0.034594644764499	68.8647708624491	45.5761833333333	29.51805	1.09861228866811
60	RO004	RO004.20	20	nat	0.895333333	3.45	11	73	2005	4	13.43	15	-0.110559190939365	58.6927552214285	45.5761833333333	29.51805	1.23837423104327
61	RO004	RO004.13	13	nat	1.0412	3.43	14	93	2005	4	15.618	15	0.0403738941382732	74.6572757142422	45.5761833333333	29.51805	1.23256026117785
62	RO005	RO005.15	15	nat	0.6148	3.3	10	67	2005	4	9.222	15	-0.486458267317696	54.9376895937662	45.4978611111111	27.9118055555556	1.19392246847243
63	RO005	RO005.25	25	nat	0.863066667	3.15	13	87	2005	4	12.946	15	-0.147263340592672	68.8647708624491	45.4978611111111	27.9118055555556	1.14740245283754
64	RO005	RO005.23	23	nat	0.723066667	3.47	15	100	2005	4	10.846	15	-0.324253852222342	89.9987755437136	45.4978611111111	27.9118055555556	1.24415459395877
65	RO005	RO005.17	17	nat	0.819866667	3.2	15	100	2005	4	12.298	15	-0.198613553164362	89.9987755437136	45.4978611111111	27.9118055555556	1.16315080980568
66	RO005	RO005.14	14	nat	0.746	3	11	73	2005	4	11.19	15	-0.293029678778376	58.6927552214285	45.4978611111111	27.9118055555556	1.09861228866811
67	RU001	RU001.7	7	nat	0.966933333	3.67	12	80	2006	3	14.504	15	-0.0336257279943927	63.4340857860124	51.38333333	56.8	1.30019166206648
68	RU001	RU001.2	2	nat	1.443733333	3.23	13	87	2006	3	21.656	15	0.367232350978907	68.8647708624491	51.38333333	56.8	1.17248213723457
69	RU001	RU001.6	6	nat	1.206733333	3.36	11	73	2006	3	18.101	15	0.187916983985978	58.6927552214285	51.38333333	56.8	1.21194097397511
70	RU001	RU001.10	10	nat	0.9482	3.8	10	67	2006	3	14.223	15	-0.053189828514119	54.9376895937662	51.38333333	56.8	1.33500106673234
71	RU001	RU001.9	9	nat	0.605466667	4	6	40	2006	3	9.082	15	-0.501755767875911	39.2309867360158	51.38333333	56.8	1.38629436111989
72	RU002	RU002.6	6	nat	1.284	4.2	5	100	2006	3	3.852	5	0.249980205267769	NA	49.1791667	53.2422611	1.43508452528932
73	RU002	RU002.2	2	nat	1.256833333	4.4	5	83	2006	3	7.541	6	0.228595329727238	65.6490432238827	49.1791667	53.2422611	1.48160454092422
74	RU002	RU002.3	3	nat	0.81225	NA	0	0	2006	3	3.249	4	-0.207947104432927	0	49.1791667	53.2422611	NA
75	RU002	RU002.5	5	nat	1.243333333	3.25	4	67	2006	3	7.46	6	0.217795944719518	54.9376895937662	49.1791667	53.2422611	1.17865499634165
76	RU002	RU002.4	4	nat	0.8145	NA	0	0	2006	3	1.629	2	-0.205180850940037	0	49.1791667	53.2422611	NA
77	RU002	RU002.1	1	nat	1.840166667	3.8	5	83	2006	3	11.041	6	0.609856147410088	65.6490432238827	49.1791667	53.2422611	1.33500106673234
78	RU003	RU003.1	1	nat	1.547625	3.83	6	75	2006	3	12.381	8	0.436721497758719	59.9991836958091	38.1625	54.8	1.34286480319255
79	RU003	RU003.5	5	nat	1.0755	NA	0	0	2006	3	6.453	6	0.0727856697256476	0	38.1625	54.8	NA
80	RU003	RU003.4	4	nat	1.444166667	4	5	83	2006	3	8.665	6	0.367532454170328	65.6490432238827	38.1625	54.8	1.38629436111989
81	RU003	RU003.7	7	nat	1.580166667	3.33	6	100	2006	3	9.481	6	0.457530326918715	89.9987755437136	38.1625	54.8	1.20297230399235
82	RU003	RU003.3	3	nat	1.438666667	3	5	83	2006	3	8.632	6	0.363716758959474	65.6490432238827	38.1625	54.8	1.09861228866811
83	RU004	RU004.6	6	nat	1.7885	3.75	4	100	2006	3	7.154	4	0.581377279716935	89.9987755437136	60.16666667	55.01666667	1.32175583998232
84	RU004	RU004.9	9	nat	1.07375	5	1	25	2006	3	4.295	4	0.0711571943163281	29.9995918479045	60.16666667	55.01666667	1.6094379124341
85	RU004	RU004.7	7	nat	1.5675	3.5	6	100	2006	3	9.405	6	0.449481993524939	89.9987755437136	60.16666667	55.01666667	1.25276296849537
86	RU004	RU004.8	8	nat	1.37325	3.33	3	75	2006	3	5.493	4	0.317180193240593	59.9991836958091	60.16666667	55.01666667	1.20297230399235
87	RU004	RU004.5	5	nat	1.26	5	3	75	2006	3	5.04	4	0.231111720963387	59.9991836958091	60.16666667	55.01666667	1.6094379124341
88	RU004	RU004.10	10	nat	1.2482	8.5	4	80	2006	3	6.241	5	0.221702513517806	63.4340857860124	60.16666667	55.01666667	2.14006616349627
89	RU005	RU005.3	3	nat	1.1658	3	3	60	2006	3	5.829	5	0.153407546629312	50.7677888076978	49.1876667	53.2534694	1.09861228866811
90	RU005	RU005.11	11	nat	1.271666667	3	5	83	2006	3	7.63	6	0.240328376330434	65.6490432238827	49.1876667	53.2534694	1.09861228866811
91	RU005	RU005.7	7	nat	1.061857143	3.5	6	86	2006	3	7.433	7	0.0600193968223782	68.0263147034908	49.1876667	53.2534694	1.25276296849537
92	RU005	RU005.5	5	nat	1.6105	3.38	8	100	2006	3	12.884	8	0.476544689789117	89.9987755437136	49.1876667	53.2534694	1.21787570949493
93	RU005	RU005.6	6	nat	1.729875	4.13	8	100	2006	3	13.839	8	0.548049151563957	89.9987755437136	49.1876667	53.2534694	1.41827740697294
94	RU006	RU006.7	7	nat	1.000666667	3	14	93	2006	3	15.01	15	0.000666444876271733	74.6572757142422	44.13999722	44.02	1.09861228866811
95	RU006	RU006.15	15	nat	0.825866667	10	1	7	2006	3	12.388	15	-0.191321938587637	15.3414998294714	44.13999722	44.02	2.30258509299405
96	RU006	RU006.4	4	nat	0.693266667	NA	0	0	2006	3	10.399	15	-0.366340552943299	0	44.13999722	44.02	NA
97	RU006	RU006.13	13	nat	0.671466667	7	1	7	2006	3	10.072	15	-0.398290903863738	15.3414998294714	44.13999722	44.02	1.94591014905531
98	RU006	RU006.17	17	nat	0.8468	3.5	2	13	2006	3	12.702	15	-0.166290739721427	21.1340046812644	44.13999722	44.02	1.25276296849537
99	RU007	RU007.19	19	nat	0.629066667	7.33	3	20	2002	7	9.436	15	-0.463518039026896	26.5646897577012	45.3258333333333	37.2236111111111	1.99197551589856
100	RU007	RU007.6	6	nat	1.0526	3.5	12	80	2002	7	15.789	15	0.0512632939375415	63.4340857860124	45.3258333333333	37.2236111111111	1.25276296849537
101	RU007	RU007.23	23	nat	0.896133333	6	3	20	2002	7	13.442	15	-0.109666067926404	26.5646897577012	45.3258333333333	37.2236111111111	1.79175946922805
102	RU007	RU007.20	20	nat	0.743	4.11	9	60	2002	7	11.145	15	-0.297059234264378	50.7677888076978	45.3258333333333	37.2236111111111	1.41342302850814
103	RU007	RU007.16	16	nat	0.955266667	6.57	7	47	2002	7	14.329	15	-0.0457647450188016	43.2795047875457	45.3258333333333	37.2236111111111	1.88251383249652
104	RU008	RU008.16	16	nat	0.892266667	3.33	15	100	2006	3	13.384	15	-0.113990237044107	89.9987755437136	44.05	43.06000278	1.20297230399235
105	RU008	RU008.17	17	nat	1.223266667	3.36	14	93	2006	3	18.349	15	0.201524876273101	74.6572757142422	44.05	43.06000278	1.21194097397511
106	RU008	RU008.21	21	nat	1.034933333	3.29	14	93	2006	3	15.524	15	0.0343370120823678	74.6572757142422	44.05	43.06000278	1.19088756477728
107	RU008	RU008.19	19	nat	0.9062	3.38	13	87	2006	3	13.593	15	-0.0984952467490992	68.8647708624491	44.05	43.06000278	1.21787570949493
108	RU008	RU008.18	18	nat	1.227133333	3.2	15	100	2006	3	18.407	15	0.204680825676739	89.9987755437136	44.05	43.06000278	1.16315080980568
109	TR001	TR001.24	24	nat	0.975133333	5.27	15	100	2008	1	14.627	15	-0.0251810655390924	89.9987755437136	41.7511111111111	27.2477777777778	1.66203036255327
110	TR001	TR001.12	12	nat	1.044466667	3.4	15	100	2008	1	15.667	15	0.0435063886282821	89.9987755437136	41.7511111111111	27.2477777777778	1.22377543162212
111	TR001	TR001.10	10	nat	1.077066667	3	14	93	2008	1	16.156	15	0.0742412969084389	74.6572757142422	41.7511111111111	27.2477777777778	1.09861228866811
112	TR001	TR001.19	19	nat	1.0426875	5	14	88	2008	1	16.683	16	0.0418015146337554	69.7311502342649	41.7511111111111	27.2477777777778	1.6094379124341
113	TR001	TR001.1	1	nat	0.9884	3.36	11	73	2008	1	14.826	15	-0.0116678048676821	58.6927552214285	41.7511111111111	27.2477777777778	1.21194097397511
114	TR003	TR003.6	6	nat	2.267466667	3	10	67	2002	7	34.012	15	0.818663202568343	54.9376895937662	38.7672222222222	37.0038888888889	1.09861228866811
115	TR003	TR003.15	15	nat	2.118866667	5.83	12	80	2002	7	31.783	15	0.750881354701449	63.4340857860124	38.7672222222222	37.0038888888889	1.7630170003624
116	TR003	TR003.2	2	nat	2.009933333	5.09	11	73	2002	7	30.149	15	0.698101553859234	58.6927552214285	38.7672222222222	37.0038888888889	1.62727783056243
117	TR003	TR003.14	14	nat	2.8678	4.54	13	87	2002	7	43.017	15	1.0535451852988	68.8647708624491	38.7672222222222	37.0038888888889	1.51292701205326
118	TR003	TR003.24	24	nat	2.425666667	3.43	14	93	2002	7	36.385	15	0.886106400834259	74.6572757142422	38.7672222222222	37.0038888888889	1.23256026117785
119	TR004	TR004.18	18	nat	3.081666667	3.69	13	87	2002	7	46.225	15	1.12547057627915	68.8647708624491	38.3672222222222	42.7736111111111	1.30562645805244
120	TR004	TR004.27	27	nat	2.810066667	4.75	8	53	2002	7	42.151	15	1.03320820797526	46.7192707561679	38.3672222222222	42.7736111111111	1.55814461804655
121	TR004	TR004.8	8	nat	3.532866667	5.1	10	67	2002	7	52.993	15	1.26210962834983	54.9376895937662	38.3672222222222	42.7736111111111	1.62924053973028
122	TR004	TR004.14	14	nat	2.875066667	3.46	13	87	2002	7	43.126	15	1.0560758625022	68.8647708624491	38.3672222222222	42.7736111111111	1.24126858906963
123	TR004	TR004.2	2	nat	1.766066667	7.33	3	20	2002	7	26.491	15	0.56875485175237	26.5646897577012	38.3672222222222	42.7736111111111	1.99197551589856
124	TR005	TR005.24	24	nat	1.7212	NA	0	0	2002	7	25.818	15	0.543021721982308	0	39.7825	41.0736111111111	NA
125	TR005	TR005.14	14	nat	1.558066667	3	1	7	2002	7	23.371	15	0.443445736648618	15.3414998294714	39.7825	41.0736111111111	1.09861228866811
126	TR005	TR005.9	9	nat	2.2758	5.33	9	60	2002	7	34.137	15	0.822331638940771	50.7677888076978	39.7825	41.0736111111111	1.67335123817775
127	TR005	TR005.18	18	nat	3.4166	3.2	15	100	2002	7	51.249	15	1.22864590453082	89.9987755437136	39.7825	41.0736111111111	1.16315080980568
128	TR005	TR005.20	20	nat	2.5178	4.25	12	80	2002	7	37.767	15	0.923385504350022	63.4340857860124	39.7825	41.0736111111111	1.44691898293633
129	UA001	UA001.25	25	nat	1.327866667	3.55	11	73	2006	3	19.918	15	0.283573644658267	58.6927552214285	48.1006666666667	37.8161111111111	1.26694760348732
130	UA001	UA001.11	11	nat	1.040733333	3	8	53	2006	3	15.611	15	0.0399255925520325	46.7192707561679	48.1006666666667	37.8161111111111	1.09861228866811
131	UA001	UA001.22	22	nat	0.848333333	3.29	7	47	2006	3	12.725	15	-0.164481639058551	43.2795047875457	48.1006666666667	37.8161111111111	1.19088756477728
132	UA001	UA001.18	18	nat	0.8096	4	7	47	2006	3	12.144	15	-0.211214980448936	43.2795047875457	48.1006666666667	37.8161111111111	1.38629436111989
133	UA001	UA001.19	19	nat	0.684533333	5	1	7	2006	3	10.268	15	-0.379017938580266	15.3414998294714	48.1006666666667	37.8161111111111	1.6094379124341
134	UA002	UA002.14	14	nat	0.859266667	3.2	5	33	2006	3	12.889	15	-0.15167596629164	35.0610859499474	48.1523333333333	37.8405833333333	1.16315080980568
135	UA002	UA002.15	15	nat	1.1018	3.18	11	73	2006	3	16.527	15	0.096945206056479	58.6927552214285	48.1523333333333	37.8405833333333	1.15688119679209
136	UA002	UA002.13	13	nat	0.774333333	3.4	5	33	2006	3	11.615	15	-0.255752835310316	35.0610859499474	48.1523333333333	37.8405833333333	1.22377543162212
137	UA002	UA002.7	7	nat	0.384733333	NA	0	0	2006	3	5.771	15	-0.955204826239782	0	48.1523333333333	37.8405833333333	NA
138	UA002	UA002.18	18	nat	0.8308	3.14	7	47	2006	3	12.462	15	-0.18536618698018	43.2795047875457	48.1523333333333	37.8405833333333	1.14422279992016
139	UA003	UA003.7A	7A	nat	2.561533333	6	15	100	2006	3	38.423	15	0.940606037390725	89.9987755437136	50.48075	30.4863055555556	1.79175946922805
140	UA003	UA003.6	6	nat	1.426733333	4.29	14	93	2006	3	21.401	15	0.35538744857216	74.6572757142422	50.48075	30.4863055555556	1.45628673293993
141	UA003	UA003.9A	9A	nat	1.7046	3.83	12	80	2006	3	25.569	15	0.53333047910606	63.4340857860124	50.48075	30.4863055555556	1.34286480319255
142	UA003	UA003.8	8	nat	1.434066667	3.92	12	80	2006	3	21.511	15	0.36051423133389	63.4340857860124	50.48075	30.4863055555556	1.36609165380237
143	UA003	UA003.11A	11A	nat	1.5922	3.75	12	80	2006	3	23.883	15	0.465116707672341	63.4340857860124	50.48075	30.4863055555556	1.32175583998232
144	UA004	UA004.7	7	nat	1.356733333	3	8	53	2006	3	20.351	15	0.305079849382513	46.7192707561679	48.6460277777778	30.7750833333333	1.09861228866811
145	UA004	UA004.15	15	nat	1.353266667	3.77	13	87	2006	3	20.299	15	0.302521422894738	68.8647708624491	48.6460277777778	30.7750833333333	1.32707500145992
146	UA004	UA004.18	18	nat	1.2116	3	14	93	2006	3	18.174	15	0.191941800170945	74.6572757142422	48.6460277777778	30.7750833333333	1.09861228866811
147	UA004	UA004.27	27	nat	1.311933333	4.27	15	100	2006	3	19.679	15	0.271501875968665	89.9987755437136	48.6460277777778	30.7750833333333	1.45161382724053
148	UA004	UA004.5	5	nat	1.343933333	3.6	15	100	2006	3	20.159	15	0.295600637448048	89.9987755437136	48.6460277777778	30.7750833333333	1.28093384546206
149	UA005	UA005.3	3	nat	0.986733333	3	5	33	2006	3	14.801	15	-0.0133554553849734	35.0610859499474	47.862	38.4606944444444	1.09861228866811
150	UA005	UA005.13	13	nat	0.937933333	3	2	13	2006	3	14.069	15	-0.0640764060625251	21.1340046812644	47.862	38.4606944444444	1.09861228866811
151	UA005	UA005.15	15	nat	1.116933333	3.33	6	40	2006	3	16.754	15	0.110586834330971	39.2309867360158	47.862	38.4606944444444	1.20297230399235
152	UA005	UA005.7	7	nat	1.033266667	3.3	10	67	2006	3	15.499	15	0.032725304935305	54.9376895937662	47.862	38.4606944444444	1.19392246847243
153	UA005	UA005.18	18	nat	1.189933333	3	12	80	2006	3	17.849	15	0.173897282865033	63.4340857860124	47.862	38.4606944444444	1.09861228866811
154	UA006	UA006.10	10	nat	1.1126	6	12	80	2002	7	16.689	15	0.106699618659056	63.4340857860124	45.7083333333333	33.3497222222222	1.79175946922805
155	UA006	UA006.18	18	nat	0.9058	6.57	14	93	2002	7	13.587	15	-0.0989367478600235	74.6572757142422	45.7083333333333	33.3497222222222	1.88251383249652
156	UA006	UA006.24	24	nat	0.9258	4	13	87	2002	7	13.887	15	-0.0770970503849669	68.8647708624491	45.7083333333333	33.3497222222222	1.38629436111989
157	UA006	UA006.14	14	nat	1.068133333	5.77	13	87	2002	7	16.022	15	0.0659125763786441	68.8647708624491	45.7083333333333	33.3497222222222	1.75267208052001
158	UA006	UA006.22	22	nat	0.9266	6.23	13	87	2002	7	13.899	15	-0.0762333059995891	68.8647708624491	45.7083333333333	33.3497222222222	1.82937633279936
159	UA007	UA007.24	24	nat	1.199933333	5.09	11	73	2001	8	17.999	15	0.182265999417339	58.6927552214285	48.0922222222222	30.7497222222222	1.62727783056243
160	UA007	UA007.19	19	nat	1.2718	4.08	12	80	2001	8	19.077	15	0.24043321985117	63.4340857860124	48.0922222222222	30.7497222222222	1.40609698841607
161	UA007	UA007.17	17	nat	0.943133333	5.25	12	80	2001	8	14.147	15	-0.0585476139788446	63.4340857860124	48.0922222222222	30.7497222222222	1.65822807660353
162	UA007	UA007.28	28	nat	1.009928571	6.33	9	64	2001	8	14.139	14	0.00987960657008682	53.1293795154024	48.0922222222222	30.7497222222222	1.84530023615608
163	UA007	UA007.20	20	nat	1.1874	3.71	14	93	2001	8	17.811	15	0.171766042854438	74.6572757142422	48.0922222222222	30.7497222222222	1.31103187661934
164	UA008	UA008.25	25	nat	1.033266667	5.67	12	80	2001	8	15.499	15	0.032725304935305	63.4340857860124	46.7572222222222	32.7661111111111	1.73518911773966
165	UA008	UA008.2	2	nat	0.979533333	5.18	11	73	2001	8	14.693	15	-0.0206790115486989	58.6927552214285	46.7572222222222	32.7661111111111	1.64480505627139
166	UA008	UA008.24	24	nat	0.848466667	5.27	11	73	2001	8	12.727	15	-0.164324479699435	58.6927552214285	46.7572222222222	32.7661111111111	1.66203036255327
167	UA008	UA008.13	13	nat	0.9014	3.77	13	87	2001	8	13.521	15	-0.103806168725589	68.8647708624491	46.7572222222222	32.7661111111111	1.32707500145992
168	UA008	UA008.18	18	nat	1.325666667	3.53	15	100	2001	8	19.885	15	0.28191547780889	89.9987755437136	46.7572222222222	32.7661111111111	1.26129787094521
169	US001	US001.23	23	inv	1.1522	3.07	15	100	2008	1	17.283	15	0.141673158316146	89.9987755437136	45.6152333333333	-120.787533333333	1.12167756159911
170	US001	US001.14	14	inv	0.9968	3.07	15	100	2008	1	14.952	15	-0.00320513094894834	89.9987755437136	45.6152333333333	-120.787533333333	1.12167756159911
171	US001	US001.22	22	inv	1.126466667	3.13	15	100	2008	1	16.897	15	0.119085890572213	89.9987755437136	45.6152333333333	-120.787533333333	1.14103300455206
172	US001	US001.20	20	inv	1.371466667	3.29	14	93	2008	1	20.572	15	0.315880727053509	74.6572757142422	45.6152333333333	-120.787533333333	1.19088756477728
173	US001	US001.3	3	inv	1.075	3.18	11	73	2008	1	16.125	15	0.0723206615796261	58.6927552214285	45.6152333333333	-120.787533333333	1.15688119679209
174	US002	US002.1	1	inv	1.094533333	3	14	93	2008	1	16.418	15	0.0903280925193206	74.6572757142422	46.1822666666667	-118.82615	1.09861228866811
175	US002	US002.22	22	inv	0.925866667	3.13	15	100	2008	1	13.888	15	-0.0770250428241927	89.9987755437136	46.1822666666667	-118.82615	1.14103300455206
176	US002	US002.24	24	inv	1.044	3.36	11	73	2008	1	15.66	15	0.043059489460447	58.6927552214285	46.1822666666667	-118.82615	1.21194097397511
177	US002	US002.17	17	inv	1.177933333	3.15	13	87	2008	1	17.669	15	0.163761490249321	68.8647708624491	46.1822666666667	-118.82615	1.14740245283754
178	US002	US002.5	5	inv	1.1686	3.07	14	93	2008	1	17.529	15	0.1558064511382	74.6572757142422	46.1822666666667	-118.82615	1.12167756159911
179	US003	US003.19	19	inv	0.922571429	3.23	13	93	2008	1	12.916	14	-0.0805904762546897	74.6572757142422	46.60415	-116.64175	1.17248213723457
180	US003	US003.27	27	inv	0.990533333	3.36	14	93	2008	1	14.858	15	-0.00951176070911461	74.6572757142422	46.60415	-116.64175	1.21194097397511
181	US003	US003.20	20	inv	1.018533333	3.33	15	100	2008	1	15.278	15	0.0183636836896899	89.9987755437136	46.60415	-116.64175	1.20297230399235
182	US003	US003.28	28	inv	0.924857143	3.07	14	100	2008	1	12.948	14	-0.0781159933967967	89.9987755437136	46.60415	-116.64175	1.12167756159911
183	US003	US003.6	6	inv	0.915785714	3	13	93	2008	1	12.821	14	-0.0879728783566832	74.6572757142422	46.60415	-116.64175	1.09861228866811
184	US006	US006.3	3	inv	0.656066667	NA	0	0	2005	4	9.841	15	-0.421492868677283	0	39.7028333333333	-105.324222222222	NA
185	US006	US006.2	2	inv	0.5078	NA	0	0	2005	4	5.078	10	-0.677667609711559	0	39.7028333333333	-105.324222222222	NA
186	US006	US006.4	4	inv	0.8102	10.5	2	13	2005	4	12.153	15	-0.210474148213547	21.1340046812644	39.7028333333333	-105.324222222222	2.35137525716348
187	US006	US006.1	1	inv	0.685466667	NA	0	0	2005	4	10.282	15	-0.37765540698261	0	39.7028333333333	-105.324222222222	NA
188	US007	US007.26	26	inv	1.286111111	5	2	22	2005	4	11.575	9	0.251623022549685	27.9717205663264	39.6966666666667	-104.807583333333	1.6094379124341
189	US007	US007.13	13	inv	1.5578	3.33	3	60	2005	4	7.789	5	0.443274569503711	50.7677888076978	39.6966666666667	-104.807583333333	1.20297230399235
190	US007	US007.9	9	inv	0.373181818	NA	0	0	2005	4	4.105	11	-0.98568953038119	0	39.6966666666667	-104.807583333333	NA
191	US007	US007.20	20	inv	1.4642	3	1	20	2005	4	7.321	5	0.381309018230405	26.5646897577012	39.6966666666667	-104.807583333333	1.09861228866811
192	US007	US007.22	22	inv	0.226333333	NA	0	0	2005	4	3.395	15	-1.4857464415643	0	39.6966666666667	-104.807583333333	NA
193	US008	US008.1	1	inv	1.9064	NA	0	0	2005	4	9.532	5	0.645216646802395	0	45.9163333333333	-118.441166666667	NA
194	US008	US008.3	3	inv	0.43	5	1	8	2005	4	5.16	12	-0.843970070294529	16.4297166589607	45.9163333333333	-118.441166666667	1.6094379124341
195	US008	US008.11	11	inv	1.772	NA	0	0	2005	4	8.86	5	0.572108852182889	0	45.9163333333333	-118.441166666667	NA
196	US008	US008.7	7	inv	0.492857143	NA	0	0	2005	4	3.45	7	-0.70753591772219	0	45.9163333333333	-118.441166666667	NA
197	US008	US008.2	2	inv	0.383571429	NA	0	0	2005	4	5.37	14	-0.958229419977167	0	45.9163333333333	-118.441166666667	NA
198	US009	US009.12	12	inv	0.562466667	NA	0	0	2005	4	8.437	15	-0.575423405326093	0	45.60475	-120.816027777778	NA
199	US009	US009.5	5	inv	2.306142857	NA	0	0	2005	4	16.143	7	0.835576370058133	0	45.60475	-120.816027777778	NA
200	US009	US009.11	11	inv	0.658625	NA	0	0	2005	4	5.269	8	-0.417600950452687	0	45.60475	-120.816027777778	NA
201	US009	US009.7	7	inv	0.744142857	NA	0	0	2005	4	5.209	7	-0.295522250484234	0	45.60475	-120.816027777778	NA
202	US009	US009.8	8	inv	0.314666667	NA	0	0	2005	4	4.72	15	-1.15624140044542	0	45.60475	-120.816027777778	NA
203	US010	US010.9	9	inv	0.669066667	NA	0	0	2005	4	10.036	15	-0.401871572099828	0	43.8371388888889	-105.125388888889	NA
204	US010	US010.1	1	inv	0.5808	NA	0	0	2005	4	8.712	15	-0.543348815471551	0	43.8371388888889	-105.125388888889	NA
205	US010	US010.6	6	inv	0.667571429	NA	0	0	2005	4	9.346	14	-0.404108884695038	0	43.8371388888889	-105.125388888889	NA
206	US010	US010.5	5	inv	0.5196	NA	0	0	2005	4	7.794	15	-0.654695994185693	0	43.8371388888889	-105.125388888889	NA
207	US010	US010.2	2	inv	0.608933333	NA	0	0	2005	4	9.134	15	-0.496046486886808	0	43.8371388888889	-105.125388888889	NA
208	US011	US011.12	12	inv	0.783066667	6.6	5	33	2005	4	11.746	15	-0.244537443576205	35.0610859499474	43.3855277777778	-106.937333333333	1.88706964903238
209	US011	US011.7	7	inv	0.799733333	7	1	7	2005	4	11.996	15	-0.223476940632253	15.3414998294714	43.3855277777778	-106.937333333333	1.94591014905531
210	US011	US011.13	13	inv	0.810133333	9	5	33	2005	4	12.152	15	-0.210556436220193	35.0610859499474	43.3855277777778	-106.937333333333	2.19722457733622
211	US011	US011.1	1	inv	0.7926	NA	0	0	2005	4	11.889	15	-0.232436598225802	0	43.3855277777778	-106.937333333333	NA
212	US011	US011.8	8	inv	0.9402	3	12	80	2005	4	14.103	15	-0.0616626603921069	63.4340857860124	43.3855277777778	-106.937333333333	1.09861228866811
213	US012	US012.35	35	inv	0.987866667	4.29	14	93	2001	8	14.818	15	-0.0122075427703174	74.6572757142422	40.5281527777778	-104.848788888889	1.45628673293993
214	US012	US012.29	29	inv	0.848266667	3.8	10	67	2001	8	12.724	15	-0.164560226822354	54.9376895937662	40.5281527777778	-104.848788888889	1.33500106673234
215	US012	US012.31	31	inv	1.01	3.33	12	80	2001	8	15.15	15	0.00995033085316809	63.4340857860124	40.5281527777778	-104.848788888889	1.20297230399235
216	US012	US012.28	28	inv	0.848733333	5.7	10	67	2001	8	12.731	15	-0.164010237415444	54.9376895937662	40.5281527777778	-104.848788888889	1.7404661748405
217	US012	US012.22	22	inv	0.734	6	1	7	2001	8	11.01	15	-0.309246250367621	15.3414998294714	40.5281527777778	-104.848788888889	1.79175946922805
218	US013	US013.23	23	inv	1.009333333	4.8	10	67	2002	7	15.14	15	0.00929004657684171	54.9376895937662	40.5612027777778	-104.865452777778	1.56861591791385
219	US013	US013.25	25	inv	1.0964	6.4	5	33	2002	7	16.446	15	0.0920320854464937	35.0610859499474	40.5612027777778	-104.865452777778	1.85629799036563
220	US013	US013.2	2	inv	1.0728	5.45	11	73	2002	7	16.092	15	0.0702720529853317	58.6927552214285	40.5612027777778	-104.865452777778	1.69561560867515
221	US013	US013.14	14	inv	1.0214	3.67	6	40	2002	7	15.321	15	0.0211742352314066	39.2309867360158	40.5612027777778	-104.865452777778	1.30019166206648
222	US013	US013.4	4	inv	1.0214	3.93	15	100	2002	7	15.321	15	0.0211742352314066	89.9987755437136	40.5612027777778	-104.865452777778	1.36863942588117
223	US014	US014.22	22	inv	0.817333333	5	11	73	2002	7	12.26	15	-0.201708271001975	58.6927552214285	40.1222666666667	-101.280283333333	1.6094379124341
224	US014	US014.17	17	inv	1.401733333	3.36	11	73	2002	7	21.026	15	0.337709565813628	58.6927552214285	40.1222666666667	-101.280283333333	1.21194097397511
225	US014	US014.20	20	inv	1.039	3	2	13	2002	7	15.585	15	0.0382587121170903	21.1340046812644	40.1222666666667	-101.280283333333	1.09861228866811
226	US014	US014.4	4	inv	1.9998	6.13	8	53	2002	7	29.997	15	0.693047175559612	46.7192707561679	40.1222666666667	-101.280283333333	1.81319474994812
227	US014	US014.16	16	inv	1.335133333	3.67	15	100	2002	7	20.027	15	0.289031161771413	89.9987755437136	40.1222666666667	-101.280283333333	1.30019166206648
228	US015	US015.2	2	inv	1.238066667	4.08	13	87	2002	7	18.571	15	0.213551023377943	68.8647708624491	42.7253611111111	-118.001033333333	1.40609698841607
229	US015	US015.15	15	inv	1.197933333	4.21	14	93	2002	7	17.969	15	0.18059784956385	74.6572757142422	42.7253611111111	-118.001033333333	1.43746264769429
230	US015	US015.17	17	inv	1.129533333	3.79	14	93	2002	7	16.943	15	0.121804567778652	74.6572757142422	42.7253611111111	-118.001033333333	1.33236601909433
231	US015	US015.13	13	inv	1.134	4.53	15	100	2002	7	17.01	15	0.12575120530556	89.9987755437136	42.7253611111111	-118.001033333333	1.51072193949494
232	US015	US015.3	3	inv	1.387666667	3.14	14	93	2002	7	20.815	15	0.32762367978494	74.6572757142422	42.7253611111111	-118.001033333333	1.14422279992016
233	US016	US016.3	3	inv	0.436	NA	0	0	2002	7	1.308	3	-0.830113035633103	0	46.8681166666667	-109.066486111111	NA
234	US016	US016.8	8	inv	0.092625	NA	0	0	2002	7	0.741	8	-2.37919619536589	0	46.8681166666667	-109.066486111111	NA
235	US016	US016.4	4	inv	0.338	NA	0	0	2002	7	1.352	4	-1.08470938349912	0	46.8681166666667	-109.066486111111	NA
236	US016	US016.5	5	inv	0.3656	7	1	20	2002	7	1.828	5	-1.00621543940214	26.5646897577012	46.8681166666667	-109.066486111111	1.94591014905531
237	US016	US016.6	6	inv	0.795333333	NA	0	0	2002	7	4.772	6	-0.228993965411497	0	46.8681166666667	-109.066486111111	NA
238	US016	US016.9	9	inv	1.269	6	1	100	2002	7	1.269	1	0.238229188732251	89.9987755437136	46.8681166666667	-109.066486111111	1.79175946922805
239	US016	US016.2	2	inv	1.379666667	NA	0	0	2002	7	4.139	3	0.32184192434009	0	46.8681166666667	-109.066486111111	NA
240	US017	US017.36	36	inv	0.898533333	5.22	9	60	2002	7	13.478	15	-0.10699147494916	50.7677888076978	40.4211055555556	-122.555069444444	1.65249740189455
241	US017	US017.9	9	inv	1.297785714	6.75	12	86	2002	7	18.169	14	0.26065951528489	68.0263147034908	40.4211055555556	-122.555069444444	1.90954250488444
242	US017	US017.4	4	inv	1.530933333	7.67	6	40	2002	7	22.964	15	0.425877570985448	39.2309867360158	40.4211055555556	-122.555069444444	2.03731661537916
243	US017	US017.15	15	inv	1.154666667	7.64	14	93	2002	7	17.32	15	0.143811702320763	74.6572757142422	40.4211055555556	-122.555069444444	2.03339760317843
244	US017	US017.12	12	inv	0.863333333	6.57	7	47	2002	7	12.95	15	-0.146954413342764	43.2795047875457	40.4211055555556	-122.555069444444	1.88251383249652
245	US018	US018.31	31	inv	1.161666667	5.08	13	87	2002	7	17.425	15	0.149855755831322	68.8647708624491	43.5467722222222	-118.913991666667	1.62531126159039
246	US018	US018.16	16	inv	1.054266667	5.67	6	40	2002	7	15.814	15	0.0528454228627008	39.2309867360158	43.5467722222222	-118.913991666667	1.73518911773966
247	US018	US018.11	11	inv	1.095133333	5.58	12	80	2002	7	16.427	15	0.0908761211524757	63.4340857860124	43.5467722222222	-118.913991666667	1.71918877639322
248	US018	US018.17	17	inv	0.921066667	NA	0	0	2002	7	13.816	15	-0.0822228598959334	0	43.5467722222222	-118.913991666667	NA
249	US018	US018.5	5	inv	1.441266667	3.67	12	80	2002	7	21.619	15	0.365522356801395	63.4340857860124	43.5467722222222	-118.913991666667	1.30019166206648
250	US019	US019.6	6	inv	1.2774	7.78	9	60	2002	7	19.161	15	0.244826762145352	50.7677888076978	40.8023416666667	-104.409911111111	2.0515563381903
251	US019	US019.5	5	inv	1.121466667	4.86	14	93	2002	7	16.822	15	0.114637352735265	74.6572757142422	40.8023416666667	-104.409911111111	1.5810384379124
252	US019	US019.2	2	inv	0.9056	9	7	47	2002	7	13.584	15	-0.0991575715332186	43.2795047875457	40.8023416666667	-104.409911111111	2.19722457733622
253	US019	US019.14	14	inv	0.996933333	7.86	7	47	2002	7	14.954	15	-0.00307137885884499	43.2795047875457	40.8023416666667	-104.409911111111	2.06178660644112
254	US019	US019.11	11	inv	1.116066667	7.5	4	27	2002	7	16.741	15	0.109810599630106	31.3060203222851	40.8023416666667	-104.409911111111	2.01490302054226
255	US020	US020.27	27	inv	1.511533333	6.2	10	67	2002	7	22.673	15	0.413124587921769	54.9376895937662	46.9839888888889	-119.580186111111	1.82454929205105
256	US020	US020.42	42	inv	1.292866667	4.47	15	100	2002	7	19.393	15	0.256861975369719	89.9987755437136	46.9839888888889	-119.580186111111	1.49738840862548
257	US020	US020.12	12	inv	1.109933333	4.64	14	93	2002	7	16.649	15	0.104299953160187	74.6572757142422	46.9839888888889	-119.580186111111	1.53471436623816
258	US020	US020.4	4	inv	0.805666667	4.67	15	100	2002	7	12.085	15	-0.216085186533028	89.9987755437136	46.9839888888889	-119.580186111111	1.54115907168081
259	US020	US020.24	24	inv	1.5248	3.69	13	87	2002	7	22.872	15	0.421863253917801	68.8647708624491	46.9839888888889	-119.580186111111	1.30562645805244
260	US021	US021.10	10	inv	0.942466667	3.67	3	20	2002	7	14.137	15	-0.0592547268636327	26.5646897577012	46.617	-110.092138888889	1.30019166206648
261	US021	US021.8	8	inv	1.418066667	5	2	13	2002	7	21.271	15	0.349294441814365	21.1340046812644	46.617	-110.092138888889	1.6094379124341
262	US021	US021.5	5	inv	1.3588	8.75	4	27	2002	7	20.382	15	0.306601957304292	31.3060203222851	46.617	-110.092138888889	2.16905370036952
263	US021	US021.3	3	inv	1.5306	5.4	10	67	2002	7	22.959	15	0.425659815393684	54.9376895937662	46.617	-110.092138888889	1.68639895357023
264	US021	US021.1	1	inv	1.196133333	11.8	5	33	2002	7	17.942	15	0.179094131756206	35.0610859499474	46.617	-110.092138888889	2.46809953147162
265	US022	US022.42	42	inv	1.179	3.09	11	73	2002	7	17.685	15	0.164666621555234	58.6927552214285	45.74515	-119.784683333333	1.12817109090965
266	US022	US022.17	17	inv	1.363933333	4.08	13	87	2002	7	20.459	15	0.310372682127088	68.8647708624491	45.74515	-119.784683333333	1.40609698841607
267	US022	US022.41	41	inv	1.452733333	5	8	53	2002	7	21.791	15	0.373446839183122	46.7192707561679	45.74515	-119.784683333333	1.6094379124341
268	US022	US022.23	23	inv	1.197866667	3.64	14	93	2002	7	17.968	15	0.18054219717215	74.6572757142422	45.74515	-119.784683333333	1.29198368164865
269	US022	US022.31	31	inv	1.302066667	5.31	13	87	2002	7	19.531	15	0.263952746008548	68.8647708624491	45.74515	-119.784683333333	1.66959183525385
270	US023	US023.26	26	inv	1.4106	6	7	47	2002	7	21.159	15	0.344015145791942	43.2795047875457	39.224275	-103.122291666667	1.79175946922805
271	US023	US023.41	41	inv	1.753266667	3.6	15	100	2002	7	26.299	15	0.561480714735056	89.9987755437136	39.224275	-103.122291666667	1.28093384546206
272	US023	US023.12	12	inv	1.375466667	5.14	14	93	2002	7	20.632	15	0.318793067719176	74.6572757142422	39.224275	-103.122291666667	1.63705307946707
273	US023	US023.45	45	inv	1.243266667	4.8	15	100	2002	7	18.649	15	0.21774232451521	89.9987755437136	39.224275	-103.122291666667	1.56861591791385
274	US023	US023.34	34	inv	1.536066667	5.13	15	100	2002	7	23.041	15	0.429225036778389	89.9987755437136	39.224275	-103.122291666667	1.63510565918268
275	US024	US024.3	3	inv	0.373	NA	0	0	2003	6	1.119	3	-0.986176859338322	0	34.8557	-110.235983333333	NA
276	US024	US024.1	1	inv	0.935333333	3	3	50	2003	6	5.612	6	-0.0668523073442197	44.9993877718568	34.8557	-110.235983333333	1.09861228866811
277	US024	US024.2	2	inv	0.999	NA	0	0	2003	6	0.999	1	-0.00100050033358353	0	34.8557	-110.235983333333	NA
278	US025	US025.16	16	inv	1.214533333	5.18	11	73	2002	7	18.218	15	0.194359914945954	58.6927552214285	46.8530555555556	-115.59	1.64480505627139
279	US025	US025.2	2	inv	1.653	7.67	12	80	2002	7	24.795	15	0.502591818838887	63.4340857860124	46.8530555555556	-115.59	2.03731661537916
280	US025	US025.22	22	inv	0.965133333	NA	0	0	2002	7	14.477	15	-0.0354890182756789	0	46.8530555555556	-115.59	NA
281	US025	US025.27	27	inv	1.7842	5.23	13	87	2002	7	26.763	15	0.578970135497546	68.8647708624491	46.8530555555556	-115.59	1.65441127807683
282	US025	US025.17	17	inv	1.021	NA	0	0	2002	7	15.315	15	0.0207825391825284	0	46.8530555555556	-115.59	NA
283	US026	US026.3	3	inv	1.319666667	6.9	10	67	2002	7	19.795	15	0.277379179708473	54.9376895937662	40.3719055555556	-104.472561111111	1.93152141160321
284	US026	US026.23	23	inv	1.4828	4.27	11	73	2002	7	22.242	15	0.39393219229444	58.6927552214285	40.3719055555556	-104.472561111111	1.45161382724053
285	US026	US026.35	35	inv	1.302533333	4.25	12	80	2002	7	19.538	15	0.264311085872629	63.4340857860124	40.3719055555556	-104.472561111111	1.44691898293633
286	US026	US026.24	24	inv	1.502533333	4.5	12	80	2002	7	22.538	15	0.4071525722061	63.4340857860124	40.3719055555556	-104.472561111111	1.50407739677627
287	US026	US026.15	15	inv	1.328266667	4.08	12	80	2002	7	19.924	15	0.283874834359781	63.4340857860124	40.3719055555556	-104.472561111111	1.40609698841607
